69.333333333
82.333333333
64.333333333
51.666666667
63.333333333
64.333333333
49.666666667
56.333333333
52.0
58.0
58.333333333
87.666666667
66.0
95.333333333
48.333333333
57.666666667
50.333333333
53.0
71.0
48.666666667
41.0
58.666666667
55.0
66.666666667
70.0
36.0
81.666666667
38.0
82.666666667
56.666666667
76.333333333
75.666666667
57.333333333
65.333333333
71.0
61.0
88.666666667
69.333333333
47.333333333
54.0
54.666666667
71.666666667
64.333333333
69.0
51.0
46.0
69.333333333
59.333333333
67.333333333
69.0
56.0
57.666666667
66.666666667
58.333333333
67.0
49.333333333
64.666666667
68.333333333
60.333333333
45.666666667
54.666666667
81.0
52.333333333
44.0
69.0
62.333333333
66.0
54.333333333
64.666666667
63.666666667
65.333333333
74.0
71.333333333
60.0
72.0
63.666666667
60.666666667
44.333333333
69.666666667
68.333333333
52.666666667
51.666666667
53.333333333
47.333333333
73.333333333
51.0
47.666666667
72.333333333
63.333333333
72.333333333
60.0
92.333333333
59.666666667
53.0
78.333333333
70.0
74.666666667
57.666666667
61.666666667
69.666666667
44.333333333
67.333333333
67.333333333
53.333333333
59.333333333
32.333333333
64.666666667
43.333333333
60.0
54.333333333
45.0
82.666666667
46.666666667
48.0
77.0
55.0
68.666666667
85.333333333
55.0
80.0
59.666666667
70.333333333
61.666666667
74.666666667
73.0
53.666666667
85.333333333
46.333333333
77.0
60.666666667
61.333333333
89.333333333
66.0
52.0
78.666666667
68.0
51.666666667
54.666666667
55.333333333
82.0
62.666666667
73.666666667
49.333333333
70.333333333
74.333333333
43.0
76.333333333
49.333333333
38.666666667
58.666666667
72.0
57.333333333
49.0
72.0
49.333333333
77.666666667
66.666666667
62.0
76.0
50.666666667
84.0
53.333333333
65.333333333
58.333333333
62.333333333
63.0 63.836363636 60.478787879
